x 20 y 25

0 0 0 0 0 0 0 0 0 0 0 0 0 0 0 0 0 0 0 0
0 1 1 0 1 1 0 1 1 0 1 1 0 1 1 0 1 1 0 1
0 1 1 0 1 1 0 1 1 0 1 1 0 1 1 0 1 1 0 1
0 1 1 0 1 1 0 1 1 0 1 1 0 1 1 0 1 1 0 1
0 1 1 0 1 1 0 1 1 0 1 1 0 1 1 0 1 1 0 1
0 1 1 0 1 1 0 1 1 0 1 1 0 1 1 0 1 1 0 1
0 1 1 0 1 1 0 1 1 0 1 1 0 1 1 0 1 1 0 1
0 1 1 0 1 1 0 1 1 0 1 1 0 1 1 0 1 1 0 1
0 1 1 0 1 1 0 1 1 0 1 1 0 1 1 0 1 1 0 1
0 1 1 0 1 1 0 1 1 0 1 1 0 1 1 0 1 1 0 1
0 1 1 0 1 1 0 1 1 0 1 1 0 1 1 0 1 1 0 1
0 1 1 0 1 1 0 1 1 0 1 1 0 1 1 0 1 1 0 1
0 1 1 0 1 1 0 1 1 0 1 1 0 1 1 0 1 1 0 1
0 1 1 0 1 1 0 1 1 0 1 1 0 1 1 0 1 1 0 1
0 1 1 0 1 1 0 1 1 0 1 1 0 1 1 0 1 1 0 1
0 1 1 0 1 1 0 1 1 0 1 1 0 1 1 0 1 1 0 1
0 1 1 0 1 1 0 1 1 0 1 1 0 1 1 0 1 1 0 1
0 1 1 0 1 1 0 1 1 0 1 1 0 1 1 0 1 1 0 1
0 1 1 0 1 1 0 1 1 0 1 1 0 1 1 0 1 1 0 1
0 1 1 0 1 1 0 1 1 0 1 1 0 1 1 0 1 1 0 1
0 1 1 0 1 1 0 1 1 0 1 1 0 1 1 0 1 1 0 1
0 1 1 0 1 1 0 1 1 0 1 1 0 1 1 0 1 1 0 1
0 1 1 0 1 1 0 1 1 0 1 1 0 1 1 0 1 1 0 1
0 1 1 0 1 1 0 1 1 0 1 1 0 1 1 0 1 1 0 1
0 1 1 0 1 1 0 1 1 0 1 1 0 1 1 0 1 1 0 1