2763 locations 5 inouts
1	107	224	392	302	27
2	373	197	336	153	405
3	351	415	34	97	446
4	349	40	514	465	21
5	448	20	305	498	329
6	77	104	417	160	540
7	449	67	122	541	265
8	128	337	396	190	441
9	131	279	271	52	127
10	385	469	325	546	253
11	193	11	537	544	134
12	97	200	274	311	342
13	450	109	404	247	266
14	119	449	67	273	181
15	360	320	176	521	449
16	156	169	238	462	382
17	481	280	12	350	505
18	505	15	26	133	530
19	452	131	348	495	141
20	152	210	254	329	225
21	490	33	58	422	512
22	218	19	521	294	215
23	266	313	533	550	482
24	432	78	482	84	287
25	241	470	311	145	342
26	449	109	254	107	460
27	80	185	342	200	509
28	451	386	235	167	417
29	439	268	535	164	365
30	381	91	384	393	545
31	93	335	212	142	110
32	374	368	172	419	80
33	333	62	470	466	235
34	473	391	368	128	251
35	109	406	140	446	487
36	96	419	469	80	166
37	26	358	259	386	262
38	513	115	92	466	312
39	143	520	40	423	148
40	270	178	341	154	443
41	192	419	451	126	540
42	141	154	526	309	175
43	321	122	417	235	109
44	464	31	368	278	58
45	123	308	425	13	259
46	509	160	532	130	388
47	62	454	307	411	339
48	155	177	544	534	20
49	380	235	524	427	446
50	29	540	49	190	466
51	85	311	437	96	114
52	367	95	64	37	116
53	405	140	137	535	481
54	218	108	348	297	336
55	85	468	199	0	139
56	340	0	94	55	133
57	132	32	522	525	246
58	109	81	87	133	105
59	200	326	361	176	21
60	480	545	305	135	393
61	493	149	487	100	216
62	47	461	402	272	478
63	30	412	481	17	452
64	203	399	275	359	43
65	131	216	259	242	15
66	62	18	439	109	303
67	483	161	461	206	522
68	470	301	319	114	286
69	199	69	49	38	533
70	38	36	337	240	313
71	338	60	425	300	61
72	81	535	15	446	422
73	11	517	0	110	96
74	227	144	529	104	481
75	323	200	122	58	465
76	28	512	335	473	95
77	168	544	533	322	177
78	381	46	241	33	546
79	435	244	516	218	335
80	479	152	429	424	37
81	351	517	39	184	36
82	477	437	300	169	163
83	395	285	185	328	213
84	470	177	5	343	403
85	485	256	432	81	208
86	303	462	484	427	220
87	139	18	42	130	215
88	111	36	503	245	31
89	186	155	178	91	441
90	24	20	150	443	489
91	415	80	354	400	198
92	365	7	435	303	382
93	122	207	336	400	211
94	200	281	35	17	8
95	434	462	113	358	239
96	185	137	488	105	324
97	61	116	166	270	217
98	171	156	184	104	247
99	418	507	93	543	71
100	215	8	473	215	45
101	28	15	507	432	183
102	493	329	519	81	265
103	484	302	56	44	245
104	102	146	464	346	138
105	221	147	454	228	196
106	19	120	359	371	210
107	281	414	469	237	184
108	292	51	47	241	478
109	528	51	134	158	19
110	49	483	89	469	112
111	368	131	300	158	347
112	249	134	284	420	232
113	2	254	229	141	388
114	81	202	4	55	285
115	5	28	384	437	454
116	474	528	28	200	478
117	58	251	39	27	14
118	177	273	355	69	322
119	370	546	142	106	405
120	417	440	204	208	86
121	153	486	295	74	359
122	456	148	84	173	349
123	61	292	496	104	342
124	298	314	419	449	360
125	311	364	387	413	550
126	249	337	108	178	405
127	314	12	434	299	519
128	49	14	387	240	539
129	235	195	417	397	8
130	248	117	473	74	69
131	26	418	269	338	549
132	162	364	25	95	421
133	411	429	97	165	58
134	348	171	320	213	207
135	267	87	114	279	404
136	32	482	298	77	286
137	196	486	100	7	7
138	469	451	23	550	506
139	441	236	241	468	148
140	537	169	72	245	334
141	67	387	28	344	490
142	24	103	229	446	519
143	293	235	209	495	152
144	401	292	173	498	390
145	549	277	270	272	180
146	105	171	424	183	136
147	165	125	546	192	340
148	126	514	383	81	92
149	236	166	501	70	369
150	544	53	543	238	65
151	12	205	177	298	271
152	483	390	124	486	82
153	443	19	297	460	160
154	134	378	313	220	372
155	146	317	188	448	502
156	505	356	248	315	464
157	163	306	431	230	434
158	448	371	500	429	303
159	22	479	318	378	547
160	482	334	220	286	137
161	14	430	42	176	341
162	61	159	202	530	447
163	234	230	36	248	102
164	375	136	24	82	540
165	163	159	482	183	256
166	181	506	25	436	51
167	320	494	33	365	106
168	229	232	452	304	243
169	322	551	251	240	281
170	290	390	514	434	450
171	212	249	358	63	171
172	227	481	475	159	104
173	538	426	353	80	237
174	258	361	164	405	357
175	330	459	198	533	293
176	422	417	328	121	174
177	249	460	354	12	127
178	77	367	297	89	68
179	329	415	512	34	216
180	208	513	461	320	157
181	500	466	492	90	244
182	396	177	288	470	51
183	391	43	285	417	139
184	45	493	409	208	538
185	511	401	24	334	333
186	66	261	492	375	189
187	133	465	260	304	310
188	87	324	106	358	486
189	414	499	550	368	318
190	551	39	244	322	260
191	550	103	44	474	348
192	325	178	155	49	405
193	213	387	546	222	335
194	202	273	460	80	255
195	180	392	378	447	120
196	551	252	111	167	490
197	236	230	455	406	425
198	310	438	484	327	28
199	259	380	196	62	135
200	53	67	278	75	168
201	431	452	27	318	490
202	424	388	199	166	120
203	170	93	460	414	357
204	513	51	358	221	36
205	156	463	180	55	268
206	551	170	415	209	500
207	487	539	368	25	124
208	9	430	501	499	337
209	421	18	288	455	466
210	549	152	350	413	129
211	417	395	49	473	418
212	80	548	198	61	290
213	209	77	378	150	12
214	277	30	543	29	295
215	163	35	297	119	450
216	398	30	18	198	103
217	14	512	131	50	37
218	476	391	310	534	330
219	56	504	218	321	294
220	191	515	25	450	225
221	425	118	462	382	306
222	453	119	188	383	406
223	169	115	293	59	410
224	282	105	80	82	104
225	96	236	289	104	142
226	79	490	7	245	364
227	518	152	96	329	332
228	266	536	420	55	320
229	151	32	504	185	59
230	49	487	345	189	92
231	492	288	139	531	186
232	481	83	152	534	54
233	305	503	116	498	235
234	528	28	239	347	445
235	203	18	316	121	100
236	171	456	378	184	33
237	25	313	76	37	87
238	144	514	301	50	483
239	59	445	73	321	516
240	521	26	364	470	510
241	330	119	546	545	159
242	137	228	240	444	512
243	367	272	405	287	466
244	39	396	482	474	467
245	251	57	16	194	251
246	123	468	60	60	533
247	538	189	102	460	4
248	191	416	391	264	264
249	366	536	35	16	64
250	205	446	390	241	114
251	409	211	294	513	365
252	535	120	532	222	242
253	331	218	529	54	207
254	545	345	235	470	388
255	153	475	192	109	333
256	360	100	203	121	338
257	232	87	151	453	90
258	124	131	498	488	438
259	113	21	277	108	354
260	335	13	280	418	333
261	259	431	453	361	216
262	108	236	271	103	314
263	10	395	551	114	372
264	89	305	17	305	429
265	434	102	318	340	195
266	483	237	170	167	241
267	462	77	21	65	134
268	170	511	384	64	359
269	370	466	346	529	55
270	531	81	407	249	466
271	439	127	472	262	196
272	367	381	62	66	206
273	143	372	358	444	549
274	185	436	359	373	351
275	378	311	397	26	472
276	365	184	337	77	167
277	491	76	102	303	336
278	118	51	158	482	421
279	298	147	539	184	425
280	536	331	528	54	286
281	378	449	121	399	431
282	419	196	85	97	61
283	401	122	446	65	77
284	423	491	446	427	353
285	548	321	45	456	228
286	517	519	394	111	525
287	356	224	125	488	533
288	527	274	253	94	82
289	388	550	123	502	84
290	137	108	510	73	436
291	301	320	377	274	89
292	151	66	372	336	242
293	536	505	518	102	295
294	193	134	431	276	286
295	55	357	367	13	318
296	268	227	91	107	196
297	2	155	496	163	474
298	487	528	463	332	277
299	13	337	399	492	533
300	406	40	318	93	32
301	542	425	230	412	179
302	41	183	421	397	24
303	499	273	69	489	117
304	370	191	209	265	24
305	180	327	277	413	100
306	253	456	378	344	31
307	513	32	72	516	435
308	465	544	491	168	487
309	64	480	67	237	43
310	239	115	157	336	439
311	77	282	544	339	288
312	144	239	205	207	520
313	311	324	82	168	177
314	504	199	34	253	434
315	104	180	309	290	20
316	144	372	484	226	29
317	12	266	50	485	329
318	48	151	32	216	155
319	323	242	277	404	337
320	56	163	76	217	457
321	484	472	415	546	203
322	190	21	258	224	416
323	74	320	533	330	538
324	42	23	63	409	367
325	335	8	451	463	401
326	503	445	401	340	473
327	297	13	531	418	309
328	211	380	358	150	100
329	151	53	228	96	353
330	110	101	71	490	511
331	38	516	347	468	503
332	254	20	422	15	281
333	517	318	311	405	219
334	10	491	38	14	263
335	303	148	329	432	239
336	459	537	438	122	197
337	513	337	215	279	461
338	374	103	353	302	233
339	349	418	6	492	196
340	283	52	8	97	371
341	242	428	137	491	157
342	508	451	491	45	283
343	545	253	309	261	394
344	495	181	118	348	447
345	383	327	81	458	375
346	10	504	510	510	139
347	509	234	144	210	427
348	522	316	207	145	206
349	196	517	122	477	71
350	170	426	78	19	189
351	37	336	230	65	290
352	435	535	345	193	102
353	40	252	241	186	456
354	324	357	543	110	177
355	144	6	456	451	230
356	319	117	72	396	83
357	135	67	243	476	389
358	382	41	364	103	153
359	249	291	132	163	52
360	373	513	120	480	164
361	523	387	208	474	439
362	294	52	233	39	49
363	282	342	440	279	45
364	331	26	479	541	293
365	503	193	511	509	440
366	263	39	67	452	198
367	107	455	259	21	185
368	370	266	102	540	437
369	111	146	299	471	447
370	546	443	173	494	427
371	78	301	199	66	435
372	349	197	360	184	226
373	466	103	422	90	5
374	342	316	141	209	74
375	455	298	179	486	352
376	518	372	83	93	83
377	409	371	493	54	367
378	19	142	361	267	183
379	114	291	240	75	466
380	356	74	23	176	21
381	491	154	323	247	68
382	355	31	316	231	307
383	76	147	274	175	200
384	399	127	197	119	354
385	385	84	290	486	273
386	49	493	341	2	167
387	334	121	234	535	291
388	222	530	113	74	279
389	144	274	479	462	115
390	222	66	112	6	335
391	63	344	217	182	114
392	515	4	306	178	445
393	205	191	293	337	516
394	449	60	318	189	545
395	201	456	78	135	502
396	29	186	217	88	58
397	381	418	36	356	353
398	318	329	419	232	69
399	254	475	123	335	349
400	46	10	479	304	287
401	453	347	170	176	459
402	442	466	462	64	383
403	108	131	428	21	16
404	68	410	252	263	268
405	302	163	171	297	123
406	6	134	110	100	450
407	254	441	449	542	184
408	53	253	236	450	227
409	157	65	453	308	227
410	73	347	426	332	415
411	237	520	414	404	544
412	335	151	36	425	274
413	114	233	159	396	387
414	219	280	33	541	157
415	550	402	297	78	187
416	349	10	342	227	21
417	239	207	58	157	16
418	551	46	467	477	27
419	29	514	83	197	281
420	280	97	393	235	546
421	394	141	175	221	291
422	511	423	399	360	139
423	482	212	530	253	526
424	205	364	60	171	30
425	46	448	50	239	545
426	254	247	277	444	393
427	18	50	494	114	500
428	27	77	363	200	232
429	510	529	239	361	174
430	193	274	63	457	188
431	225	24	185	237	329
432	543	378	59	446	380
433	59	322	437	344	15
434	55	109	19	117	515
435	206	57	44	311	251
436	339	75	490	229	18
437	1	231	328	353	144
438	58	41	500	71	468
439	432	35	112	453	130
440	451	494	82	459	7
441	500	111	466	19	506
442	190	477	474	209	225
443	407	40	506	532	311
444	26	249	295	258	468
445	216	426	324	3	489
446	178	539	133	459	211
447	109	206	338	470	339
448	341	528	110	541	502
449	480	253	8	280	525
450	76	22	465	406	395
451	85	289	348	77	354
452	301	55	312	231	485
453	294	203	43	88	326
454	25	529	478	454	414
455	484	519	64	447	129
456	170	169	502	325	296
457	341	30	521	538	61
458	412	219	447	458	335
459	423	379	287	466	405
460	437	82	87	325	472
461	123	334	56	525	272
462	198	401	230	352	435
463	93	53	262	297	246
464	166	297	312	430	275
465	162	505	514	175	21
466	47	100	37	100	233
467	158	546	232	255	132
468	280	233	123	193	308
469	184	451	269	434	355
470	4	189	119	49	409
471	59	424	519	291	344
472	265	289	299	503	392
473	53	159	148	204	125
474	505	237	304	259	206
475	216	388	130	469	253
476	134	26	238	61	116
477	317	526	299	37	144
478	392	393	473	28	309
479	247	503	189	536	152
480	438	450	403	69	421
481	134	350	118	334	6
482	2	165	64	517	400
483	518	413	444	231	349
484	124	294	270	230	456
485	331	518	82	80	331
486	348	416	216	502	318
487	539	63	474	180	339
488	346	332	265	238	394
489	234	313	296	146	432
490	293	25	44	441	461
491	262	452	441	206	74
492	148	81	156	479	194
493	83	113	367	175	414
494	543	104	505	172	259
495	367	243	522	122	180
496	539	279	472	463	469
497	137	118	537	134	453
498	52	503	84	469	192
499	10	108	295	197	194
500	51	371	0	532	273
501	501	487	161	547	292
502	243	289	240	490	271
503	152	223	414	121	288
504	511	462	433	455	374
505	496	503	131	230	139
506	474	171	253	489	142
507	223	500	136	294	347
508	242	242	107	432	441
509	417	43	155	546	223
510	213	42	165	517	212
511	140	60	394	106	241
512	160	423	239	114	291
513	384	122	26	312	357
514	271	461	480	338	522
515	303	7	316	35	545
516	478	501	411	464	474
517	66	5	230	196	371
518	296	132	386	98	341
519	304	39	304	68	124
520	375	84	307	455	213
521	477	361	345	544	394
522	240	305	171	152	250
523	152	436	13	326	155
524	392	210	482	37	325
525	478	115	284	479	520
526	75	389	431	549	282
527	346	257	179	120	379
528	381	109	42	491	337
529	416	339	404	541	309
530	173	317	463	73	192
531	227	527	417	250	262
532	45	529	111	30	210
533	375	475	165	333	196
534	166	71	391	171	176
535	263	89	301	53	547
536	156	108	450	427	32
537	398	129	510	26	76
538	73	311	488	108	114
539	502	423	43	407	257
540	519	503	84	228	420
541	293	418	406	305	446
542	41	502	536	216	150
543	462	389	146	365	535
544	492	71	161	165	56
545	358	441	189	62	489
546	245	228	0	150	82
547	490	254	387	241	159
548	466	117	423	428	163
549	90	417	261	269	109
550	190	37	471	114	385
551	179	165	458	319	476
552	54	241	206	304	25
553	167	487	289	308	316
554	365	482	61	456	182
555	373	108	289	82	280
556	72	454	417	48	345
557	220	58	414	383	311
558	498	425	361	387	145
559	69	344	259	291	98
560	29	450	101	496	240
561	128	431	226	371	23
562	281	88	206	223	529
563	81	132	206	196	248
564	486	500	394	447	422
565	311	319	225	167	258
566	167	429	403	203	162
567	384	109	533	345	361
568	32	507	88	67	383
569	438	276	543	279	392
570	102	376	258	130	448
571	435	61	100	376	86
572	212	371	251	176	541
573	448	300	298	482	134
574	125	45	363	148	276
575	315	75	92	282	122
576	266	146	481	303	43
577	441	68	375	190	347
578	259	484	257	536	150
579	333	139	353	114	503
580	529	237	90	483	108
581	67	112	192	515	113
582	492	107	357	92	276
583	299	193	489	285	442
584	498	540	208	105	133
585	359	345	123	381	341
586	500	222	129	312	281
587	517	404	480	258	73
588	85	348	65	368	248
589	102	384	150	165	162
590	147	196	455	271	513
591	63	384	81	131	467
592	427	238	347	151	122
593	160	305	530	361	50
594	322	398	386	223	91
595	116	419	151	540	256
596	325	75	528	494	270
597	35	347	477	106	118
598	29	116	21	218	543
599	194	252	109	195	442
600	228	355	257	167	67
601	40	119	100	30	216
602	177	527	146	221	161
603	423	232	330	241	180
604	59	110	78	118	547
605	58	215	272	271	414
606	351	166	438	9	463
607	101	142	432	328	162
608	129	225	126	341	61
609	264	265	415	11	450
610	265	123	107	224	239
611	105	461	390	444	368
612	491	53	92	453	149
613	541	531	79	229	151
614	307	429	292	106	260
615	90	260	500	166	439
616	65	444	83	370	274
617	53	40	302	459	390
618	397	331	528	136	163
619	439	363	119	502	197
620	454	533	427	317	280
621	243	147	428	89	97
622	16	102	480	112	512
623	145	288	222	232	268
624	318	241	243	472	510
625	496	523	453	454	175
626	359	64	51	433	318
627	83	235	115	2	525
628	155	454	88	204	274
629	357	304	545	189	424
630	536	155	548	529	446
631	15	69	341	453	462
632	336	484	183	455	315
633	189	188	174	334	259
634	538	213	370	445	526
635	482	301	333	514	369
636	273	334	39	4	391
637	436	309	456	101	159
638	456	170	503	224	349
639	354	293	263	14	22
640	386	59	354	490	253
641	116	537	207	299	494
642	86	441	244	103	158
643	94	421	299	488	244
644	455	13	205	226	533
645	177	226	465	395	344
646	92	204	181	155	3
647	166	486	148	106	147
648	435	345	270	242	415
649	258	20	41	248	358
650	480	250	385	496	444
651	61	33	176	182	253
652	84	95	37	431	297
653	435	133	168	252	92
654	488	407	109	246	248
655	171	504	504	130	206
656	262	300	429	506	308
657	521	484	451	451	405
658	176	549	288	262	490
659	303	189	387	183	537
660	47	230	404	426	209
661	357	356	341	489	217
662	8	332	489	119	222
663	157	449	29	158	204
664	459	447	265	194	335
665	59	402	413	96	154
666	289	472	375	416	398
667	388	199	237	323	174
668	304	509	549	355	432
669	357	44	466	287	447
670	121	25	65	40	400
671	499	265	136	54	440
672	244	433	132	293	92
673	483	133	61	431	0
674	372	464	495	108	10
675	300	483	7	127	505
676	461	14	198	505	213
677	174	78	232	526	411
678	445	352	488	264	192
679	432	118	191	145	462
680	185	212	424	210	109
681	77	230	430	361	117
682	142	515	117	457	532
683	421	527	138	242	433
684	471	532	40	509	164
685	47	540	434	230	76
686	539	382	229	538	143
687	85	409	353	410	297
688	124	534	209	95	262
689	473	36	491	511	124
690	429	399	162	173	231
691	256	296	381	241	258
692	258	202	187	214	211
693	242	240	168	509	448
694	373	293	59	356	145
695	517	256	238	349	173
696	6	276	70	345	272
697	189	225	80	388	164
698	110	480	43	456	336
699	132	212	347	420	307
700	32	250	464	299	238
701	133	462	357	18	256
702	72	267	538	337	46
703	399	530	355	351	158
704	24	498	508	85	138
705	103	51	506	94	422
706	82	511	114	327	546
707	34	414	170	311	112
708	430	255	285	356	156
709	404	181	2	518	24
710	208	1	28	536	283
711	328	397	439	419	488
712	458	340	427	50	443
713	271	204	259	169	219
714	397	493	123	490	331
715	264	53	525	90	465
716	382	332	317	265	352
717	382	338	473	134	128
718	193	372	129	123	191
719	71	115	401	446	68
720	528	336	415	69	545
721	43	427	255	99	500
722	542	252	424	231	317
723	190	29	91	114	49
724	523	370	253	544	473
725	500	13	19	138	62
726	543	151	539	176	6
727	431	393	24	308	234
728	48	529	40	100	102
729	408	169	209	481	225
730	354	103	342	484	294
731	124	132	342	125	416
732	224	78	392	284	187
733	101	362	427	177	217
734	183	391	187	516	345
735	360	287	272	504	41
736	53	38	490	443	30
737	520	533	526	489	483
738	456	437	46	449	208
739	329	542	469	58	473
740	266	536	379	409	283
741	12	152	440	450	112
742	172	198	386	547	52
743	238	35	100	105	448
744	48	449	326	530	482
745	246	280	192	302	89
746	478	298	484	316	41
747	405	90	378	110	469
748	225	542	194	177	543
749	408	118	327	308	481
750	323	129	408	473	454
751	0	317	175	311	17
752	49	129	191	397	112
753	524	241	541	495	166
754	259	85	3	298	12
755	65	171	37	56	510
756	211	134	210	202	243
757	539	353	526	48	514
758	230	34	153	100	469
759	426	292	249	314	112
760	10	440	334	147	184
761	102	90	390	408	1
762	435	299	415	21	367
763	282	264	79	383	388
764	377	416	133	117	261
765	372	71	106	322	363
766	269	511	243	256	216
767	20	424	496	259	217
768	165	317	263	527	344
769	220	361	425	463	132
770	95	291	314	113	339
771	426	252	7	110	124
772	256	258	385	57	122
773	277	432	90	435	297
774	320	1	41	1	499
775	81	135	189	81	127
776	312	235	241	298	378
777	316	32	407	344	30
778	290	128	160	205	511
779	422	367	368	103	452
780	90	106	97	86	118
781	277	543	274	330	62
782	239	325	171	77	14
783	137	392	459	326	502
784	432	361	58	535	457
785	254	14	406	274	393
786	148	467	19	544	485
787	456	259	465	93	120
788	530	351	362	442	432
789	400	6	505	142	300
790	42	134	196	119	462
791	368	522	227	439	354
792	427	520	480	157	311
793	510	292	80	160	437
794	43	110	191	42	299
795	39	216	444	200	153
796	19	80	487	176	300
797	82	39	371	445	125
798	442	249	491	365	3
799	116	510	330	207	373
800	501	168	481	289	234
801	101	321	522	129	3
802	77	257	23	415	523
803	530	88	224	429	400
804	521	428	454	12	512
805	47	124	296	17	510
806	334	32	442	35	488
807	371	529	18	69	78
808	412	75	364	49	162
809	392	190	39	40	122
810	207	224	150	335	475
811	505	19	544	139	111
812	398	24	344	400	279
813	118	543	131	358	311
814	254	240	386	157	430
815	482	148	533	201	140
816	468	256	54	178	348
817	432	26	426	381	270
818	545	547	319	33	134
819	501	141	345	471	313
820	311	20	5	26	153
821	497	442	515	5	76
822	436	155	13	154	89
823	311	179	21	251	415
824	388	306	478	44	506
825	16	119	103	538	196
826	240	270	86	171	377
827	347	355	143	513	277
828	517	550	190	195	505
829	551	81	182	171	391
830	509	198	322	123	121
831	416	545	487	436	215
832	159	54	65	121	489
833	459	540	547	159	351
834	499	511	316	195	440
835	412	401	529	542	119
836	109	398	81	345	294
837	3	259	233	227	476
838	237	532	237	456	107
839	402	130	355	483	362
840	68	120	151	369	202
841	139	121	295	446	70
842	527	162	183	330	423
843	159	247	24	12	134
844	504	296	49	134	226
845	434	69	105	384	60
846	472	321	20	460	70
847	523	280	182	98	123
848	262	15	388	216	394
849	250	102	489	311	467
850	3	272	431	539	120
851	302	120	76	304	247
852	75	454	539	288	534
853	473	247	406	460	99
854	402	64	411	452	326
855	48	199	200	14	214
856	445	412	248	310	226
857	317	116	243	493	174
858	4	99	43	185	235
859	13	458	368	171	265
860	511	547	434	479	332
861	468	485	442	212	194
862	224	462	89	395	356
863	328	112	174	474	461
864	51	16	264	254	232
865	236	537	394	328	456
866	425	212	362	302	266
867	7	448	305	200	543
868	59	377	212	242	123
869	200	535	270	121	277
870	501	45	337	345	468
871	263	242	465	485	158
872	512	347	538	224	347
873	524	441	240	65	257
874	8	110	370	516	233
875	456	3	114	184	145
876	141	171	123	178	270
877	2	297	294	33	350
878	294	130	258	455	534
879	340	60	445	119	99
880	126	117	389	271	483
881	109	512	547	473	379
882	504	224	221	280	340
883	76	460	187	79	379
884	125	404	348	116	150
885	493	332	112	404	424
886	238	398	151	133	214
887	163	92	178	240	440
888	453	481	182	444	263
889	500	169	499	242	444
890	237	263	342	210	152
891	119	204	277	349	61
892	83	398	147	140	44
893	200	155	89	7	325
894	386	457	151	60	59
895	252	532	455	250	392
896	240	68	188	457	117
897	34	282	224	268	527
898	544	218	216	431	273
899	466	245	320	429	65
900	539	372	182	253	512
901	166	119	64	396	96
902	190	242	6	517	195
903	433	192	314	481	9
904	22	459	70	127	429
905	211	358	106	122	291
906	444	324	304	423	435
907	428	150	390	137	208
908	536	305	469	426	180
909	133	115	280	64	316
910	14	241	83	544	182
911	452	201	306	466	483
912	531	266	55	408	334
913	256	369	415	226	427
914	489	277	134	432	337
915	55	531	477	4	501
916	294	30	321	224	145
917	103	73	162	324	307
918	30	501	456	149	367
919	528	61	430	481	389
920	429	126	241	326	440
921	358	311	385	57	349
922	109	9	392	529	153
923	303	490	264	438	200
924	94	384	210	361	417
925	196	323	505	333	272
926	387	214	125	87	510
927	275	300	242	34	256
928	551	4	175	186	32
929	52	238	261	476	299
930	510	167	319	31	77
931	198	367	262	116	77
932	46	143	22	195	524
933	262	403	109	276	118
934	16	101	525	156	441
935	26	45	529	425	170
936	1	536	121	77	512
937	273	127	341	288	509
938	33	347	64	531	347
939	171	257	50	326	226
940	135	96	137	391	484
941	459	491	88	118	150
942	378	143	496	150	302
943	365	191	357	530	100
944	502	543	460	27	52
945	443	186	174	547	261
946	127	541	253	265	550
947	534	258	274	55	93
948	549	196	536	531	416
949	326	22	220	37	109
950	316	285	303	477	218
951	350	184	521	186	477
952	244	245	255	275	261
953	537	71	27	17	265
954	211	328	137	67	4
955	470	459	192	352	4
956	490	31	93	536	29
957	375	485	507	293	75
958	467	183	235	11	549
959	374	201	352	347	213
960	311	496	127	41	98
961	443	13	240	48	284
962	453	140	39	52	542
963	283	94	300	277	354
964	220	354	214	396	488
965	471	43	189	472	478
966	187	164	70	230	20
967	200	400	123	212	362
968	247	234	484	364	90
969	428	254	0	148	70
970	409	164	211	270	339
971	500	251	280	70	41
972	178	306	526	449	61
973	236	354	382	419	45
974	16	139	144	330	198
975	125	405	87	503	198
976	222	203	490	224	476
977	471	17	472	260	104
978	408	113	487	309	413
979	219	532	434	280	178
980	139	63	418	420	467
981	107	147	190	247	293
982	470	326	180	468	72
983	382	174	325	1	327
984	331	5	25	301	368
985	383	423	522	210	392
986	454	549	456	514	474
987	388	320	358	74	487
988	495	325	517	271	269
989	33	57	151	280	31
990	258	322	312	400	545
991	13	451	400	549	86
992	313	182	22	510	419
993	406	263	115	447	171
994	419	408	31	449	20
995	361	219	225	392	210
996	172	14	429	448	35
997	353	71	330	73	360
998	103	440	336	28	277
999	549	234	378	338	17
1000	169	90	15	362	350
1001	199	483	413	93	518
1002	363	551	489	226	322
1003	137	468	383	419	387
1004	282	38	372	439	7
1005	105	358	162	470	144
1006	266	47	244	258	398
1007	269	348	191	368	281
1008	539	182	307	127	423
1009	443	368	413	204	260
1010	438	136	431	139	157
1011	236	543	38	95	166
1012	200	446	440	244	209
1013	373	88	63	233	419
1014	118	463	30	50	255
1015	512	278	17	167	285
1016	377	406	528	298	278
1017	344	33	470	30	107
1018	520	136	406	349	67
1019	88	489	529	259	346
1020	421	146	443	39	484
1021	450	384	237	366	131
1022	193	304	197	494	280
1023	352	345	354	297	117
1024	253	392	154	112	26
1025	549	284	100	234	375
1026	26	429	232	219	471
1027	336	238	310	213	451
1028	103	242	83	6	262
1029	196	87	242	206	204
1030	412	97	420	421	269
1031	503	210	413	539	87
1032	486	263	203	89	450
1033	359	52	362	524	61
1034	463	316	369	535	152
1035	224	502	392	332	481
1036	399	53	163	67	124
1037	177	528	372	112	191
1038	151	97	211	544	94
1039	420	411	462	359	69
1040	551	393	141	7	44
1041	415	29	221	475	105
1042	344	188	163	388	358
1043	170	91	197	540	255
1044	195	457	416	67	115
1045	20	5	224	11	352
1046	131	98	157	32	8
1047	116	424	173	69	53
1048	479	169	498	3	250
1049	218	420	142	130	65
1050	360	200	530	108	496
1051	372	485	249	381	173
1052	459	380	229	128	224
1053	523	168	348	406	424
1054	294	368	489	462	315
1055	279	467	335	397	56
1056	34	69	541	168	143
1057	224	20	276	537	336
1058	65	249	209	524	136
1059	327	406	298	316	118
1060	196	503	344	447	65
1061	65	411	278	480	51
1062	154	527	378	449	75
1063	135	225	357	447	483
1064	270	489	246	503	286
1065	334	2	352	345	500
1066	45	362	364	379	284
1067	466	503	266	345	283
1068	512	262	131	251	265
1069	293	257	339	368	234
1070	295	386	174	116	7
1071	492	467	243	451	98
1072	64	419	146	73	28
1073	44	298	183	475	296
1074	325	235	395	383	183
1075	325	89	344	119	534
1076	524	65	460	217	464
1077	80	530	393	335	459
1078	524	101	170	397	252
1079	466	174	522	289	304
1080	341	245	353	344	17
1081	359	439	124	273	195
1082	46	487	101	232	455
1083	246	188	295	183	247
1084	33	261	333	137	153
1085	531	242	109	488	452
1086	482	116	141	551	474
1087	129	179	414	195	472
1088	121	494	366	430	372
1089	344	264	435	483	223
1090	191	158	115	163	61
1091	519	236	13	341	147
1092	316	212	268	251	403
1093	151	131	78	231	444
1094	170	321	273	385	46
1095	108	207	537	142	79
1096	259	281	418	444	540
1097	99	365	47	171	546
1098	69	531	113	400	216
1099	126	279	141	514	192
1100	438	425	52	72	249
1101	115	159	32	191	522
1102	465	522	117	85	71
1103	35	419	334	364	215
1104	198	324	241	325	343
1105	441	510	500	161	313
1106	351	334	168	356	202
1107	412	505	38	416	27
1108	116	541	427	285	89
1109	306	511	330	130	4
1110	355	153	37	401	218
1111	162	374	287	453	318
1112	274	210	323	281	254
1113	518	548	414	225	304
1114	274	27	31	56	241
1115	87	440	314	433	538
1116	256	29	50	532	192
1117	226	55	137	334	17
1118	221	466	320	129	254
1119	175	478	463	337	492
1120	81	114	37	138	494
1121	164	398	184	112	531
1122	486	130	85	200	136
1123	56	399	407	305	58
1124	159	441	112	18	37
1125	271	111	274	34	71
1126	442	49	377	124	456
1127	224	115	281	400	169
1128	491	430	462	450	217
1129	486	165	430	227	296
1130	111	349	193	285	291
1131	342	399	281	311	298
1132	376	254	350	330	497
1133	341	171	515	221	302
1134	23	377	183	35	496
1135	194	356	31	466	485
1136	26	300	18	347	36
1137	110	145	436	408	162
1138	109	229	362	92	174
1139	113	258	271	176	53
1140	139	501	268	328	238
1141	377	420	435	15	211
1142	231	350	485	29	313
1143	403	48	52	79	494
1144	550	369	314	469	159
1145	448	194	21	162	424
1146	52	501	159	524	399
1147	335	30	282	11	348
1148	16	474	27	287	317
1149	193	277	29	197	223
1150	224	548	395	301	373
1151	177	143	507	161	62
1152	195	9	434	428	528
1153	196	503	549	225	28
1154	45	30	288	92	191
1155	354	224	153	238	10
1156	156	510	74	364	446
1157	167	31	82	498	133
1158	196	237	371	42	40
1159	521	446	21	237	106
1160	414	200	489	39	168
1161	472	531	543	40	21
1162	19	137	459	27	549
1163	256	487	23	384	375
1164	511	318	90	281	140
1165	387	398	228	25	127
1166	432	391	21	430	504
1167	249	350	87	118	132
1168	532	164	341	267	43
1169	68	234	119	286	181
1170	311	56	32	277	155
1171	522	84	3	69	318
1172	137	218	233	467	510
1173	502	450	396	36	97
1174	304	499	43	448	163
1175	270	261	50	441	394
1176	395	449	197	149	220
1177	356	25	425	221	315
1178	469	517	158	525	512
1179	542	369	351	429	278
1180	288	534	506	299	111
1181	87	398	484	216	116
1182	497	504	446	538	17
1183	135	188	121	202	244
1184	46	388	349	468	272
1185	505	204	360	526	266
1186	92	313	524	302	460
1187	485	399	306	197	156
1188	171	492	99	113	255
1189	361	396	261	206	373
1190	358	326	191	491	13
1191	24	423	494	69	410
1192	285	288	285	229	366
1193	488	173	192	51	473
1194	313	303	0	520	71
1195	229	22	286	397	288
1196	155	432	486	452	520
1197	347	263	363	259	452
1198	140	363	190	55	145
1199	168	152	253	278	300
1200	451	260	490	300	182
1201	26	99	245	331	329
1202	485	391	123	98	450
1203	544	377	531	536	364
1204	140	266	465	484	113
1205	311	159	540	273	437
1206	118	425	359	442	215
1207	339	252	112	346	192
1208	494	106	467	106	55
1209	298	233	513	42	114
1210	171	227	435	2	211
1211	523	463	250	408	512
1212	177	0	518	72	471
1213	444	529	277	308	506
1214	138	142	8	440	497
1215	441	205	385	139	8
1216	531	25	102	417	262
1217	50	523	522	374	518
1218	315	221	72	390	262
1219	488	115	394	207	233
1220	301	410	180	408	55
1221	501	20	109	534	87
1222	346	171	484	344	57
1223	157	207	227	408	161
1224	119	460	153	66	22
1225	318	61	2	355	220
1226	130	191	191	54	391
1227	437	500	159	286	445
1228	259	12	43	381	229
1229	247	61	191	308	77
1230	99	310	507	76	289
1231	111	51	282	347	293
1232	383	154	217	551	450
1233	48	59	117	536	143
1234	79	441	459	192	401
1235	451	79	166	234	24
1236	263	120	148	27	521
1237	318	484	484	239	0
1238	17	17	376	428	85
1239	522	551	526	202	129
1240	442	276	286	458	165
1241	234	50	39	528	284
1242	287	375	327	3	226
1243	512	80	386	194	474
1244	74	273	295	78	444
1245	121	549	431	428	193
1246	98	440	129	288	236
1247	318	475	76	350	544
1248	297	386	333	476	11
1249	551	526	195	242	31
1250	474	136	52	21	420
1251	117	429	474	10	319
1252	474	240	99	202	295
1253	105	153	512	284	28
1254	374	94	99	257	123
1255	224	341	60	407	358
1256	190	415	469	142	230
1257	147	1	261	105	319
1258	28	440	137	29	78
1259	64	515	512	460	85
1260	152	483	370	370	476
1261	334	514	481	140	362
1262	254	312	91	488	322
1263	125	366	428	174	278
1264	234	448	298	412	530
1265	302	530	9	197	237
1266	117	511	294	401	353
1267	379	150	156	545	474
1268	248	457	170	514	251
1269	459	474	132	30	417
1270	337	177	454	396	61
1271	67	411	524	465	461
1272	36	16	141	413	536
1273	325	412	425	80	466
1274	9	88	57	425	28
1275	51	301	439	356	75
1276	452	192	365	253	439
1277	309	260	403	158	135
1278	216	28	210	537	236
1279	488	205	25	402	348
1280	457	151	146	181	271
1281	121	523	211	409	38
1282	97	531	466	513	448
1283	90	396	377	376	430
1284	49	511	289	519	174
1285	79	153	543	94	347
1286	252	429	251	460	83
1287	520	98	482	416	10
1288	23	222	425	387	62
1289	462	299	64	365	345
1290	88	372	478	92	308
1291	317	121	140	341	498
1292	249	260	9	236	221
1293	33	301	234	258	12
1294	443	513	79	352	3
1295	147	146	197	453	40
1296	265	109	173	467	84
1297	405	417	55	225	254
1298	439	441	223	364	42
1299	327	103	222	519	169
1300	23	503	107	63	42
1301	44	151	132	325	8
1302	511	369	306	117	351
1303	469	378	547	279	252
1304	543	13	336	221	80
1305	482	191	400	521	522
1306	506	87	282	363	537
1307	405	510	218	279	373
1308	415	357	96	292	423
1309	168	485	193	218	494
1310	230	364	11	515	216
1311	53	493	216	463	38
1312	427	183	373	212	521
1313	31	372	409	260	442
1314	440	414	87	181	457
1315	440	336	463	136	72
1316	427	550	327	87	158
1317	199	406	265	84	444
1318	235	322	157	107	481
1319	430	389	76	181	245
1320	412	83	85	16	79
1321	47	201	533	150	202
1322	311	401	29	291	394
1323	310	286	64	378	450
1324	94	119	410	210	335
1325	47	182	543	95	138
1326	451	369	159	318	212
1327	505	430	301	369	227
1328	351	241	411	36	64
1329	124	326	104	132	359
1330	254	311	468	225	5
1331	8	209	59	75	367
1332	54	137	335	524	283
1333	419	261	116	484	157
1334	313	475	156	436	531
1335	353	324	434	140	85
1336	321	532	295	120	253
1337	418	363	60	420	46
1338	104	332	337	17	360
1339	341	546	410	169	254
1340	450	64	208	260	69
1341	91	264	489	209	325
1342	123	206	52	383	464
1343	62	360	129	141	397
1344	230	370	311	32	274
1345	1	376	447	291	219
1346	320	185	38	94	351
1347	158	75	317	297	91
1348	280	85	484	58	516
1349	215	310	136	7	224
1350	123	35	344	285	477
1351	379	504	339	44	199
1352	197	525	137	540	273
1353	447	205	338	140	323
1354	463	80	151	226	94
1355	273	379	486	540	102
1356	121	437	108	238	195
1357	456	485	139	170	101
1358	6	503	26	305	197
1359	159	131	194	59	199
1360	66	69	490	382	551
1361	83	106	220	496	346
1362	344	441	182	281	16
1363	455	149	443	157	202
1364	330	344	70	143	273
1365	496	115	307	453	393
1366	520	437	435	523	449
1367	391	57	26	488	57
1368	298	356	314	287	181
1369	148	544	69	408	110
1370	317	167	343	443	211
1371	301	10	23	508	503
1372	77	418	261	133	513
1373	444	109	515	315	293
1374	23	387	307	324	387
1375	99	168	53	548	512
1376	51	224	430	251	529
1377	304	430	243	301	129
1378	279	283	413	526	82
1379	310	147	402	85	272
1380	119	253	23	543	122
1381	409	43	346	550	494
1382	211	496	245	402	256
1383	229	112	157	343	528
1384	34	397	437	200	315
1385	197	150	376	472	363
1386	186	152	27	250	18
1387	351	479	125	9	510
1388	88	285	38	478	288
1389	61	354	245	132	11
1390	541	149	489	162	277
1391	469	305	342	2	332
1392	450	96	115	3	153
1393	155	205	178	290	486
1394	510	286	508	427	453
1395	402	411	222	324	155
1396	429	202	280	544	418
1397	417	449	466	5	395
1398	197	65	128	225	273
1399	439	167	418	3	481
1400	308	53	58	186	235
1401	440	295	98	326	408
1402	64	432	404	138	393
1403	83	13	50	86	336
1404	505	466	112	455	138
1405	70	204	286	351	461
1406	354	498	11	98	67
1407	387	461	475	380	192
1408	481	290	267	107	63
1409	59	128	334	50	357
1410	430	286	140	444	498
1411	214	192	406	299	287
1412	440	485	314	63	368
1413	236	348	376	379	158
1414	341	243	404	43	472
1415	132	175	428	156	296
1416	386	529	457	236	414
1417	193	20	303	34	106
1418	543	499	178	66	116
1419	152	323	37	451	106
1420	443	143	82	52	207
1421	196	309	68	365	134
1422	318	9	355	312	494
1423	322	431	105	221	113
1424	496	402	215	289	221
1425	11	512	523	309	475
1426	225	295	62	359	530
1427	257	186	125	258	194
1428	511	97	374	257	30
1429	304	262	193	407	347
1430	510	381	34	470	44
1431	193	177	50	269	474
1432	388	519	213	73	109
1433	310	326	388	470	110
1434	344	198	455	261	3
1435	257	20	354	529	112
1436	14	113	415	225	97
1437	390	301	459	518	541
1438	332	45	306	345	55
1439	88	159	532	438	261
1440	265	183	135	489	443
1441	546	109	16	459	110
1442	454	208	436	225	287
1443	112	59	194	403	248
1444	516	213	460	114	341
1445	129	137	146	395	128
1446	448	283	268	375	246
1447	482	381	295	13	134
1448	317	427	245	120	457
1449	28	47	39	281	65
1450	109	287	155	482	486
1451	99	207	350	137	273
1452	411	492	215	550	104
1453	471	438	361	332	286
1454	259	348	449	507	256
1455	456	325	97	86	400
1456	356	492	532	217	132
1457	380	9	56	447	186
1458	79	204	406	78	113
1459	494	131	56	262	375
1460	16	117	406	281	86
1461	52	132	432	145	34
1462	165	370	106	155	320
1463	340	493	122	158	279
1464	37	67	236	444	388
1465	431	39	140	143	319
1466	423	435	264	317	87
1467	549	454	23	419	233
1468	227	365	115	469	93
1469	198	272	426	295	149
1470	21	402	440	378	272
1471	104	373	462	512	303
1472	162	47	112	13	310
1473	85	357	304	48	428
1474	453	258	293	443	489
1475	353	508	308	133	307
1476	155	78	213	248	346
1477	199	498	368	384	365
1478	13	231	398	535	426
1479	53	249	255	137	291
1480	308	123	218	267	469
1481	548	207	471	270	327
1482	542	429	95	451	14
1483	130	282	17	218	276
1484	304	458	205	468	338
1485	318	397	308	233	281
1486	122	341	346	171	545
1487	237	189	136	12	55
1488	541	397	380	2	549
1489	436	234	351	56	322
1490	138	189	170	487	313
1491	391	5	93	56	393
1492	223	196	377	375	114
1493	86	354	207	147	143
1494	168	31	56	463	278
1495	154	452	331	542	47
1496	412	448	503	26	231
1497	170	536	272	209	508
1498	84	141	185	512	334
1499	152	396	482	518	81
1500	145	528	309	465	391
1501	69	61	219	99	358
1502	133	402	271	236	204
1503	76	391	460	139	165
1504	85	155	0	46	496
1505	461	248	272	456	272
1506	501	228	342	324	384
1507	4	98	167	49	303
1508	452	366	173	81	391
1509	230	431	337	362	428
1510	114	472	105	185	525
1511	71	36	107	144	423
1512	543	176	262	278	2
1513	500	20	345	217	252
1514	57	221	366	483	246
1515	395	461	222	464	324
1516	265	76	420	24	325
1517	48	266	37	502	441
1518	117	382	135	313	58
1519	530	452	389	311	415
1520	468	277	46	54	465
1521	509	57	136	353	507
1522	232	514	378	434	433
1523	149	329	94	336	34
1524	36	24	384	164	201
1525	253	240	189	222	10
1526	169	334	403	42	271
1527	249	173	524	134	145
1528	476	78	311	549	87
1529	103	155	112	390	228
1530	87	413	352	457	328
1531	25	286	218	153	385
1532	303	58	131	262	510
1533	3	133	462	130	31
1534	220	93	364	440	316
1535	84	86	267	455	64
1536	106	2	470	238	208
1537	449	6	262	268	433
1538	189	453	143	500	101
1539	96	5	416	279	517
1540	328	168	484	196	491
1541	486	464	143	529	382
1542	72	150	318	23	325
1543	342	30	451	498	154
1544	61	522	235	346	399
1545	129	54	475	145	385
1546	502	151	367	389	309
1547	407	7	219	362	158
1548	270	231	420	48	90
1549	101	94	467	448	534
1550	195	125	159	460	171
1551	78	29	273	487	471
1552	312	269	537	467	407
1553	279	104	165	154	294
1554	115	178	231	527	475
1555	433	327	42	262	272
1556	48	545	417	88	92
1557	329	478	235	210	76
1558	463	453	524	229	417
1559	378	264	101	196	454
1560	299	462	426	467	35
1561	255	390	510	259	159
1562	8	530	29	109	502
1563	42	371	407	124	57
1564	118	417	319	372	27
1565	377	270	162	115	345
1566	434	443	41	28	488
1567	247	418	29	437	328
1568	456	364	409	75	343
1569	482	103	27	36	175
1570	332	255	42	146	62
1571	372	111	225	119	518
1572	542	273	82	491	70
1573	304	341	112	316	441
1574	55	528	364	169	84
1575	210	150	136	55	523
1576	167	369	111	149	124
1577	141	421	286	238	388
1578	133	547	483	278	483
1579	446	353	346	472	317
1580	481	357	261	134	17
1581	141	351	400	322	230
1582	252	43	171	421	524
1583	27	470	59	340	185
1584	258	484	527	323	136
1585	328	190	44	338	514
1586	362	79	417	319	182
1587	112	534	297	418	420
1588	83	93	62	250	242
1589	266	220	442	486	332
1590	186	229	402	127	406
1591	180	111	167	386	166
1592	9	319	538	333	340
1593	49	123	520	507	6
1594	95	214	321	86	126
1595	337	356	545	503	305
1596	142	215	399	419	334
1597	190	377	473	118	66
1598	368	123	286	26	521
1599	423	170	193	307	397
1600	519	137	483	38	276
1601	391	404	439	367	195
1602	12	296	165	246	237
1603	290	301	193	289	359
1604	31	75	255	172	465
1605	51	278	461	139	423
1606	527	128	484	13	529
1607	517	300	368	71	28
1608	116	158	92	359	538
1609	135	25	322	33	8
1610	438	520	329	216	288
1611	104	27	210	122	272
1612	535	541	95	488	97
1613	409	22	330	402	507
1614	231	120	531	226	126
1615	551	351	371	518	331
1616	497	410	463	396	348
1617	290	226	455	290	71
1618	212	95	151	170	498
1619	333	390	44	509	77
1620	396	470	454	468	212
1621	545	547	191	355	418
1622	378	22	181	72	349
1623	41	32	225	502	41
1624	399	153	301	34	241
1625	165	537	215	324	351
1626	364	375	307	299	377
1627	359	152	105	74	368
1628	6	315	197	442	70
1629	74	479	129	36	325
1630	212	79	235	330	85
1631	106	519	255	35	527
1632	41	354	19	447	368
1633	512	315	25	21	260
1634	436	177	472	32	336
1635	72	122	496	126	91
1636	322	69	531	216	412
1637	472	211	342	47	296
1638	393	492	22	133	99
1639	133	65	349	346	339
1640	277	104	344	234	321
1641	415	123	286	282	314
1642	265	328	306	266	196
1643	340	124	52	216	286
1644	59	119	170	79	227
1645	472	324	242	200	436
1646	422	404	302	189	463
1647	515	337	481	461	446
1648	126	464	161	398	114
1649	500	22	180	1	301
1650	435	299	537	86	255
1651	446	249	98	405	341
1652	276	316	416	420	170
1653	117	449	61	56	278
1654	366	152	15	225	477
1655	479	131	179	442	103
1656	157	93	397	404	171
1657	331	152	35	262	452
1658	303	262	204	12	168
1659	524	384	542	453	79
1660	279	382	232	546	291
1661	286	118	11	149	543
1662	303	365	335	410	478
1663	337	264	215	388	86
1664	227	215	73	254	58
1665	77	293	339	527	66
1666	124	138	404	41	521
1667	254	28	383	140	401
1668	369	551	382	311	158
1669	230	196	251	72	178
1670	307	469	337	24	268
1671	228	517	287	472	81
1672	169	399	205	20	496
1673	134	361	348	136	252
1674	390	313	245	45	471
1675	123	92	487	170	512
1676	363	236	278	346	63
1677	474	79	208	213	194
1678	256	407	13	46	385
1679	527	324	214	457	482
1680	105	84	461	331	546
1681	143	281	28	328	61
1682	310	499	57	29	37
1683	421	164	148	403	34
1684	194	77	222	204	243
1685	470	295	315	366	361
1686	328	2	310	473	240
1687	152	393	438	197	487
1688	290	394	121	153	138
1689	428	344	332	282	493
1690	120	363	412	346	162
1691	56	275	329	216	262
1692	256	431	320	348	54
1693	457	264	287	16	146
1694	122	350	338	268	306
1695	388	246	74	421	161
1696	288	350	317	458	275
1697	79	139	387	309	237
1698	524	58	288	208	142
1699	38	331	533	260	8
1700	409	266	433	408	464
1701	525	10	19	125	343
1702	119	227	438	215	67
1703	352	503	189	489	102
1704	529	459	234	359	464
1705	251	180	90	60	45
1706	405	307	363	471	169
1707	542	540	451	328	438
1708	383	331	508	187	420
1709	336	345	140	169	59
1710	13	504	47	59	514
1711	379	39	97	538	255
1712	97	545	267	385	334
1713	410	299	366	375	38
1714	245	542	28	262	172
1715	88	306	208	16	534
1716	207	507	391	177	15
1717	157	374	152	285	210
1718	335	174	130	176	261
1719	410	33	257	406	242
1720	407	184	145	42	237
1721	87	424	418	200	185
1722	95	254	410	316	214
1723	202	466	121	267	325
1724	322	78	68	77	431
1725	43	300	460	134	517
1726	195	66	309	432	507
1727	123	32	488	40	249
1728	190	65	391	493	275
1729	53	299	394	358	422
1730	348	307	333	269	153
1731	439	400	298	287	281
1732	12	517	194	525	138
1733	325	451	71	455	263
1734	523	398	44	505	456
1735	298	8	63	181	258
1736	141	229	159	121	208
1737	222	373	361	325	93
1738	375	384	3	363	498
1739	139	180	464	98	296
1740	344	197	490	216	418
1741	305	137	237	27	314
1742	117	136	245	270	444
1743	207	147	411	280	245
1744	527	84	459	90	51
1745	237	20	476	509	497
1746	264	518	53	497	381
1747	248	544	72	130	191
1748	402	349	435	366	232
1749	17	188	317	52	26
1750	204	378	404	79	332
1751	437	508	148	351	137
1752	475	24	356	367	92
1753	245	306	172	391	368
1754	77	303	263	42	478
1755	468	196	150	527	468
1756	340	396	438	184	493
1757	85	481	275	431	232
1758	44	264	16	452	279
1759	397	79	455	148	462
1760	461	247	359	181	449
1761	191	415	0	67	44
1762	332	539	379	464	97
1763	80	211	463	187	20
1764	538	401	330	340	3
1765	31	33	367	389	160
1766	457	526	388	222	459
1767	97	104	21	533	68
1768	356	332	179	275	249
1769	8	218	521	460	173
1770	482	303	302	190	354
1771	282	187	319	265	54
1772	302	128	2	210	186
1773	205	398	340	283	84
1774	289	511	254	143	238
1775	434	439	130	260	547
1776	170	79	133	164	108
1777	16	84	252	154	21
1778	463	201	362	47	78
1779	156	209	412	251	6
1780	148	460	362	506	139
1781	10	19	490	139	160
1782	45	391	260	548	213
1783	11	346	223	159	297
1784	271	249	364	360	65
1785	285	46	140	487	354
1786	32	213	418	148	49
1787	420	322	272	82	379
1788	207	0	525	476	225
1789	142	33	269	314	75
1790	388	354	138	210	400
1791	99	371	33	137	24
1792	134	352	53	539	269
1793	486	421	109	443	160
1794	332	451	249	234	213
1795	410	251	483	506	169
1796	266	220	146	350	491
1797	18	146	355	440	364
1798	456	218	501	223	524
1799	23	437	528	63	373
1800	126	113	416	372	35
1801	120	149	194	49	236
1802	79	263	68	378	186
1803	349	42	287	75	271
1804	296	222	322	513	516
1805	36	490	25	515	107
1806	39	93	131	172	79
1807	69	292	392	292	266
1808	219	377	209	64	343
1809	244	75	407	295	130
1810	506	360	419	383	80
1811	342	243	418	1	66
1812	501	439	476	196	299
1813	177	313	439	451	212
1814	67	405	489	274	288
1815	450	466	195	54	317
1816	530	467	248	244	145
1817	143	346	528	530	336
1818	353	481	204	307	423
1819	43	100	120	301	385
1820	154	418	377	424	371
1821	454	155	112	327	31
1822	435	110	260	161	261
1823	165	123	181	351	79
1824	153	117	482	15	545
1825	529	551	488	143	496
1826	324	379	152	123	287
1827	181	513	190	499	207
1828	221	432	193	11	435
1829	238	448	427	303	451
1830	47	99	128	138	67
1831	234	290	191	149	269
1832	117	299	157	6	101
1833	270	189	171	491	162
1834	447	505	100	398	432
1835	178	385	64	305	93
1836	247	127	516	77	47
1837	479	92	164	176	214
1838	80	370	92	127	273
1839	216	417	277	442	378
1840	217	98	176	237	276
1841	160	473	413	20	416
1842	330	147	73	170	44
1843	340	390	516	430	549
1844	92	342	225	5	525
1845	229	288	324	20	286
1846	22	323	387	78	109
1847	4	517	127	356	52
1848	341	366	208	485	511
1849	59	151	105	366	281
1850	449	387	437	342	535
1851	440	49	5	513	303
1852	94	18	386	269	226
1853	134	263	268	247	84
1854	544	325	525	90	478
1855	163	39	308	222	530
1856	117	357	412	504	210
1857	64	180	467	391	7
1858	52	347	527	273	150
1859	217	244	249	549	456
1860	2	388	166	98	131
1861	268	114	358	507	347
1862	312	57	372	529	80
1863	379	29	130	53	372
1864	46	138	314	311	112
1865	323	457	5	435	208
1866	424	53	327	226	78
1867	378	6	75	396	206
1868	410	241	246	326	388
1869	182	260	61	517	493
1870	268	333	408	103	443
1871	515	55	519	516	467
1872	421	299	392	69	316
1873	13	351	510	128	96
1874	341	409	508	78	72
1875	255	507	353	49	413
1876	346	425	105	14	340
1877	510	230	392	69	487
1878	159	267	212	58	300
1879	271	530	540	25	125
1880	256	11	516	281	465
1881	74	5	310	403	533
1882	246	507	156	382	219
1883	269	346	415	468	389
1884	123	481	89	11	550
1885	276	493	139	82	168
1886	117	351	182	4	483
1887	253	305	221	486	243
1888	435	209	140	32	443
1889	91	483	340	58	378
1890	237	218	143	30	378
1891	501	357	395	106	322
1892	98	497	59	549	434
1893	362	295	118	60	86
1894	466	292	290	276	219
1895	546	55	314	289	58
1896	196	510	16	256	267
1897	294	267	416	240	5
1898	228	179	308	543	306
1899	165	468	471	107	34
1900	522	366	226	139	546
1901	327	162	12	456	529
1902	252	448	208	325	181
1903	342	485	504	220	485
1904	239	3	34	486	351
1905	49	179	298	476	217
1906	164	276	483	29	14
1907	303	2	306	450	315
1908	310	145	356	12	478
1909	437	101	380	199	270
1910	420	67	225	85	253
1911	380	170	345	525	121
1912	482	545	261	425	399
1913	379	549	41	154	61
1914	250	449	345	402	506
1915	408	470	511	392	187
1916	520	278	68	18	104
1917	299	101	163	175	325
1918	457	356	494	191	332
1919	283	334	536	215	352
1920	18	39	83	373	393
1921	459	326	68	32	515
1922	461	146	160	41	291
1923	331	315	140	345	206
1924	325	166	311	58	201
1925	203	9	113	209	451
1926	125	68	402	394	212
1927	111	447	6	311	423
1928	149	216	165	353	47
1929	351	482	332	226	313
1930	346	386	140	372	542
1931	75	225	324	325	195
1932	150	253	359	469	138
1933	20	294	504	353	361
1934	478	185	331	440	55
1935	16	413	472	505	343
1936	142	218	207	449	300
1937	118	374	144	223	99
1938	200	522	95	399	12
1939	316	402	478	33	399
1940	321	213	211	162	75
1941	153	28	264	546	395
1942	543	324	149	311	233
1943	2	37	14	456	88
1944	132	481	153	45	338
1945	214	509	112	442	416
1946	28	164	61	82	117
1947	499	214	132	275	80
1948	294	441	452	170	416
1949	144	519	22	399	442
1950	252	171	374	11	249
1951	340	329	61	385	2
1952	395	393	223	432	151
1953	64	172	427	106	353
1954	533	321	113	307	257
1955	521	143	77	154	244
1956	82	507	249	146	151
1957	148	447	88	26	123
1958	153	216	379	267	107
1959	42	118	30	273	218
1960	49	239	482	250	67
1961	262	54	49	219	317
1962	129	68	150	145	104
1963	356	102	291	452	440
1964	503	359	445	124	195
1965	548	16	306	49	381
1966	388	337	322	424	401
1967	499	228	509	210	123
1968	258	73	477	462	68
1969	372	497	481	194	495
1970	111	4	127	306	108
1971	438	28	293	30	145
1972	394	37	452	30	132
1973	282	11	460	525	471
1974	310	446	462	9	222
1975	51	210	371	19	90
1976	181	313	225	412	186
1977	28	166	452	244	118
1978	323	445	152	406	474
1979	92	377	398	183	94
1980	140	299	209	58	261
1981	37	139	434	209	160
1982	494	94	198	457	482
1983	201	320	117	61	256
1984	293	287	66	457	187
1985	160	381	248	280	204
1986	78	224	474	474	36
1987	96	25	20	549	363
1988	106	129	507	341	413
1989	31	265	27	25	188
1990	254	530	6	263	177
1991	394	267	259	222	116
1992	1	236	407	34	176
1993	500	439	279	1	480
1994	259	463	299	47	266
1995	367	74	451	159	8
1996	261	387	228	32	550
1997	415	264	386	120	230
1998	316	455	84	429	19
1999	229	508	57	81	367
2000	220	327	134	317	494
2001	409	50	149	469	524
2002	139	178	340	280	284
2003	476	471	512	137	224
2004	130	434	352	258	353
2005	521	370	120	336	57
2006	3	208	148	34	477
2007	125	1	385	412	454
2008	310	315	78	32	334
2009	316	497	349	0	472
2010	145	317	241	303	138
2011	412	264	350	299	539
2012	187	283	364	43	80
2013	425	185	304	550	373
2014	215	435	349	440	543
2015	82	323	519	57	388
2016	353	367	338	183	453
2017	501	305	389	9	309
2018	399	375	44	496	189
2019	0	48	468	106	77
2020	212	47	52	82	66
2021	315	495	305	395	537
2022	180	112	274	71	156
2023	8	23	211	502	453
2024	13	389	453	187	101
2025	384	429	93	164	338
2026	79	540	379	109	235
2027	286	78	108	493	236
2028	295	345	452	185	243
2029	110	391	544	269	403
2030	448	357	330	184	141
2031	247	5	211	101	380
2032	324	60	441	445	43
2033	335	291	60	231	490
2034	490	180	477	448	70
2035	455	372	461	522	397
2036	465	363	184	492	449
2037	492	393	339	164	521
2038	196	52	456	466	119
2039	113	60	431	20	70
2040	406	231	334	455	351
2041	526	316	11	205	148
2042	277	449	289	460	373
2043	386	443	307	527	112
2044	42	26	475	197	520
2045	380	394	79	390	476
2046	448	315	316	305	520
2047	39	35	483	30	84
2048	71	155	233	540	135
2049	438	544	512	414	179
2050	207	181	415	477	114
2051	136	61	434	33	192
2052	449	125	460	483	55
2053	185	185	483	59	151
2054	180	490	280	10	510
2055	172	249	417	97	525
2056	252	308	250	523	459
2057	139	216	532	509	108
2058	157	363	365	467	371
2059	351	257	398	64	140
2060	206	242	149	534	225
2061	248	67	219	537	92
2062	207	273	427	96	160
2063	377	414	12	502	434
2064	217	489	325	416	322
2065	6	10	86	329	322
2066	190	489	467	339	545
2067	111	283	503	169	513
2068	510	240	314	245	141
2069	197	240	199	177	472
2070	259	80	234	58	146
2071	343	312	133	84	96
2072	366	235	434	514	92
2073	155	441	310	60	157
2074	119	548	87	462	332
2075	264	281	517	539	109
2076	402	214	152	456	382
2077	255	524	249	336	362
2078	263	325	146	19	117
2079	216	40	530	85	49
2080	102	402	118	438	102
2081	27	290	346	215	358
2082	296	92	450	120	412
2083	74	119	16	202	301
2084	248	179	539	6	532
2085	256	207	514	479	176
2086	244	546	431	224	61
2087	6	290	498	95	443
2088	495	81	504	195	442
2089	492	88	444	188	132
2090	229	483	418	505	73
2091	466	60	178	463	384
2092	177	388	255	448	505
2093	166	541	45	443	298
2094	369	500	153	397	42
2095	178	504	107	156	512
2096	60	245	492	540	364
2097	28	305	514	162	475
2098	190	170	70	384	173
2099	348	363	419	542	458
2100	113	386	304	196	309
2101	516	143	370	70	76
2102	55	261	345	145	72
2103	231	472	172	82	501
2104	94	177	91	33	246
2105	458	279	125	228	24
2106	295	309	12	243	365
2107	356	11	500	431	106
2108	539	81	402	68	530
2109	329	152	284	276	81
2110	333	267	248	430	215
2111	444	401	331	268	99
2112	358	181	481	382	508
2113	381	136	387	43	262
2114	473	194	254	233	124
2115	196	135	141	5	236
2116	226	178	449	244	96
2117	168	401	236	39	51
2118	461	79	240	234	267
2119	22	274	184	72	337
2120	221	322	133	50	129
2121	115	78	197	320	381
2122	103	190	25	112	95
2123	49	550	488	338	311
2124	177	145	394	360	546
2125	230	174	140	44	316
2126	549	446	41	144	124
2127	107	179	544	439	263
2128	69	144	309	162	137
2129	411	359	241	43	277
2130	58	183	381	63	426
2131	278	228	523	465	8
2132	411	64	209	491	287
2133	400	102	413	28	456
2134	448	475	54	335	383
2135	384	129	475	192	165
2136	453	185	240	532	180
2137	283	86	409	126	159
2138	397	267	272	397	369
2139	287	472	457	67	222
2140	260	418	520	200	531
2141	354	183	49	483	32
2142	122	307	533	106	156
2143	244	463	158	125	66
2144	8	195	274	516	33
2145	3	416	290	290	188
2146	313	464	11	424	440
2147	351	180	305	258	68
2148	430	441	447	493	20
2149	89	127	81	68	472
2150	112	104	531	135	295
2151	19	112	506	204	245
2152	375	369	435	274	33
2153	392	112	423	225	244
2154	107	114	267	431	428
2155	235	288	334	417	163
2156	53	329	438	115	21
2157	234	52	513	27	146
2158	461	535	85	424	15
2159	5	230	267	63	152
2160	67	27	120	474	544
2161	362	356	35	139	441
2162	433	472	225	464	160
2163	180	55	150	138	285
2164	364	98	332	80	70
2165	329	189	175	114	73
2166	38	66	240	13	385
2167	196	318	370	284	239
2168	411	9	80	106	199
2169	439	61	370	282	193
2170	337	447	506	412	185
2171	497	105	363	535	514
2172	509	210	52	30	162
2173	363	383	48	309	215
2174	143	526	522	200	462
2175	281	505	540	294	294
2176	284	524	176	320	149
2177	510	459	481	101	256
2178	170	214	392	502	42
2179	499	383	437	394	311
2180	541	137	179	465	23
2181	164	18	19	70	280
2182	27	350	279	303	536
2183	391	349	193	459	72
2184	404	390	369	186	449
2185	148	63	161	537	147
2186	289	224	95	551	8
2187	15	2	310	244	114
2188	190	251	3	276	265
2189	146	81	108	265	492
2190	112	103	237	45	89
2191	102	225	181	44	305
2192	86	260	237	147	113
2193	546	72	176	227	246
2194	525	69	361	68	335
2195	199	428	268	82	239
2196	419	9	371	188	512
2197	111	245	98	25	305
2198	81	498	184	42	453
2199	1	93	442	176	285
2200	146	283	389	205	239
2201	77	102	136	279	286
2202	499	361	186	78	100
2203	186	469	171	35	327
2204	7	0	341	100	462
2205	211	394	273	241	383
2206	250	116	295	535	115
2207	0	440	548	361	190
2208	218	521	237	265	303
2209	156	90	542	484	112
2210	363	451	141	377	512
2211	463	280	336	315	411
2212	471	440	494	88	138
2213	512	376	57	484	474
2214	432	457	124	539	0
2215	160	360	27	501	490
2216	13	175	270	49	50
2217	118	452	324	37	337
2218	65	328	102	463	476
2219	454	75	79	387	333
2220	251	79	106	66	415
2221	412	235	516	158	203
2222	510	253	0	0	348
2223	166	422	437	438	210
2224	367	238	92	503	318
2225	322	434	456	290	508
2226	261	102	30	466	151
2227	343	82	166	335	16
2228	257	20	117	247	118
2229	131	180	108	192	119
2230	121	290	429	462	83
2231	24	502	522	331	277
2232	295	310	6	507	467
2233	309	48	499	509	175
2234	236	161	122	93	345
2235	73	421	159	199	146
2236	466	332	219	267	519
2237	234	174	203	400	87
2238	45	189	339	511	277
2239	196	11	310	53	531
2240	304	416	273	313	127
2241	263	483	474	398	334
2242	28	65	547	164	20
2243	437	366	434	47	257
2244	467	424	129	305	452
2245	77	370	442	79	550
2246	541	129	164	65	22
2247	399	506	346	490	427
2248	522	398	92	416	451
2249	334	437	432	280	438
2250	27	169	311	463	454
2251	472	548	185	79	20
2252	85	333	1	324	15
2253	154	60	259	393	86
2254	399	50	95	152	255
2255	359	50	36	46	277
2256	206	278	389	540	252
2257	258	508	178	169	259
2258	545	130	159	43	456
2259	532	522	363	507	350
2260	190	507	10	457	159
2261	348	28	222	328	292
2262	350	483	272	34	43
2263	177	266	346	405	104
2264	501	123	99	181	284
2265	239	35	258	222	123
2266	122	238	151	400	498
2267	392	80	386	219	198
2268	270	247	318	250	287
2269	393	157	160	338	135
2270	175	417	198	257	274
2271	244	251	307	98	349
2272	345	372	370	110	390
2273	343	0	341	164	369
2274	381	142	122	276	341
2275	19	41	236	36	329
2276	458	265	122	269	110
2277	388	545	7	62	509
2278	420	389	348	292	2
2279	211	226	534	283	130
2280	146	402	210	23	341
2281	29	180	221	264	51
2282	184	237	75	95	319
2283	309	12	197	78	22
2284	476	30	345	51	224
2285	171	123	303	339	550
2286	76	174	194	493	401
2287	375	136	536	418	120
2288	410	278	248	203	502
2289	219	358	520	216	268
2290	193	458	405	342	91
2291	150	148	251	476	361
2292	465	142	234	178	459
2293	298	491	144	529	446
2294	104	277	121	204	21
2295	259	297	251	150	22
2296	162	233	452	338	225
2297	532	95	486	175	19
2298	502	274	196	496	430
2299	133	527	329	464	346
2300	193	191	414	387	524
2301	423	494	102	38	184
2302	231	383	378	27	4
2303	311	16	370	216	500
2304	499	370	137	297	188
2305	10	407	271	213	345
2306	46	451	369	179	387
2307	82	18	325	348	243
2308	355	489	355	100	320
2309	492	259	232	170	350
2310	379	119	439	345	164
2311	446	249	326	278	464
2312	469	60	368	453	96
2313	42	335	443	301	55
2314	62	154	186	160	343
2315	116	532	410	9	525
2316	31	545	283	167	403
2317	440	360	1	547	346
2318	531	169	528	88	244
2319	304	277	491	395	277
2320	140	61	365	428	178
2321	523	494	160	486	374
2322	150	222	55	51	446
2323	149	127	503	44	363
2324	306	158	165	489	252
2325	246	491	522	170	160
2326	367	240	543	39	73
2327	112	386	123	518	199
2328	390	24	64	228	307
2329	195	4	463	387	229
2330	289	387	111	76	109
2331	209	242	350	468	189
2332	342	415	227	172	494
2333	188	353	278	20	240
2334	351	41	484	408	490
2335	454	1	379	423	496
2336	183	172	454	97	504
2337	490	106	407	530	167
2338	80	352	417	40	517
2339	306	65	309	13	455
2340	103	74	50	334	441
2341	13	50	228	322	377
2342	524	269	3	482	348
2343	134	230	162	525	149
2344	429	323	230	20	75
2345	309	352	209	312	154
2346	415	185	11	105	191
2347	263	515	544	273	143
2348	303	246	109	200	319
2349	160	74	97	50	538
2350	45	443	33	336	263
2351	320	260	109	266	242
2352	419	227	252	383	432
2353	188	469	51	244	394
2354	374	206	438	66	50
2355	192	131	414	234	354
2356	26	282	379	127	328
2357	431	370	436	468	111
2358	316	451	155	384	327
2359	366	406	5	549	114
2360	50	161	218	537	529
2361	397	387	437	527	547
2362	17	234	384	44	551
2363	291	320	232	288	272
2364	403	60	325	223	22
2365	481	78	224	85	266
2366	518	5	439	149	516
2367	17	535	318	127	416
2368	172	17	17	80	99
2369	447	304	255	459	66
2370	49	245	129	180	37
2371	235	5	125	545	108
2372	381	204	233	467	41
2373	512	69	501	71	295
2374	454	48	320	286	418
2375	52	162	434	510	529
2376	519	415	332	386	470
2377	119	374	1	73	429
2378	257	434	359	282	373
2379	276	434	48	532	93
2380	67	462	65	45	53
2381	11	147	223	319	534
2382	2	515	62	53	458
2383	287	51	452	166	176
2384	224	353	446	379	41
2385	238	283	256	465	470
2386	346	378	154	132	136
2387	256	289	208	333	176
2388	473	347	444	452	335
2389	117	42	309	262	381
2390	21	504	292	9	431
2391	438	164	438	483	216
2392	118	130	455	291	172
2393	448	106	16	478	189
2394	496	415	184	1	107
2395	269	10	87	53	475
2396	296	184	68	314	444
2397	164	533	267	217	371
2398	308	4	265	140	242
2399	88	521	124	288	405
2400	450	169	99	300	324
2401	303	144	133	551	99
2402	498	18	106	318	202
2403	28	375	84	263	139
2404	46	157	118	458	154
2405	260	139	489	505	6
2406	313	536	271	317	206
2407	264	469	382	523	52
2408	294	288	178	192	203
2409	63	40	361	471	135
2410	334	189	261	492	395
2411	252	169	49	476	375
2412	188	64	134	464	140
2413	250	274	498	51	47
2414	179	123	519	544	45
2415	463	2	178	22	206
2416	43	38	497	417	373
2417	344	232	353	478	124
2418	18	545	346	344	174
2419	133	489	238	255	307
2420	318	32	24	328	130
2421	1	394	54	233	249
2422	355	205	291	265	1
2423	336	453	512	504	465
2424	25	149	240	56	3
2425	166	378	128	278	153
2426	244	314	167	449	140
2427	141	71	156	161	366
2428	127	34	216	285	143
2429	336	246	273	231	269
2430	497	181	98	492	500
2431	538	304	84	106	319
2432	155	69	186	151	156
2433	484	172	530	214	248
2434	236	350	427	526	204
2435	263	263	426	167	20
2436	346	319	19	436	209
2437	17	54	25	87	73
2438	445	269	0	512	369
2439	370	454	351	42	190
2440	416	423	296	278	431
2441	485	440	394	547	360
2442	252	386	542	86	207
2443	399	207	499	511	477
2444	9	84	196	175	125
2445	355	423	332	382	92
2446	494	217	363	23	520
2447	287	146	103	412	70
2448	371	266	31	185	219
2449	178	157	180	170	4
2450	415	252	383	550	286
2451	79	274	78	431	364
2452	122	225	32	139	480
2453	402	74	23	540	299
2454	479	531	247	424	381
2455	156	41	522	140	533
2456	363	10	461	88	423
2457	423	108	460	375	161
2458	463	106	116	543	143
2459	277	520	502	430	305
2460	181	266	169	394	271
2461	162	273	496	328	175
2462	149	42	331	390	538
2463	129	259	287	229	30
2464	388	436	240	367	58
2465	413	275	38	170	475
2466	45	154	253	276	388
2467	474	420	264	73	415
2468	352	273	295	289	505
2469	368	229	333	274	501
2470	82	102	458	182	25
2471	362	358	437	301	70
2472	101	123	231	516	445
2473	225	501	219	300	161
2474	245	240	249	24	459
2475	188	292	423	367	174
2476	411	250	426	219	207
2477	137	131	275	23	285
2478	413	110	67	101	387
2479	142	99	489	151	374
2480	57	542	94	11	411
2481	468	192	347	542	484
2482	23	140	320	199	534
2483	13	149	235	261	2
2484	229	510	322	132	203
2485	112	209	256	424	316
2486	199	514	265	439	276
2487	185	439	364	119	460
2488	478	432	222	181	8
2489	434	302	413	122	212
2490	64	360	151	336	61
2491	203	76	365	195	339
2492	429	233	528	407	534
2493	292	286	177	187	506
2494	384	9	412	449	276
2495	315	243	219	449	226
2496	304	110	339	269	127
2497	267	85	224	40	164
2498	431	38	232	145	136
2499	62	150	140	269	371
2500	425	508	546	473	135
2501	519	448	269	297	300
2502	160	156	550	520	23
2503	519	252	534	467	541
2504	430	372	549	17	115
2505	484	399	326	443	529
2506	112	464	271	11	189
2507	509	377	76	91	540
2508	50	443	394	396	147
2509	129	508	264	478	91
2510	46	281	310	199	78
2511	101	260	402	206	231
2512	164	545	152	63	311
2513	391	19	220	393	310
2514	60	230	94	41	176
2515	121	425	34	169	423
2516	61	424	543	69	80
2517	459	345	129	261	35
2518	173	506	457	285	316
2519	96	79	287	9	246
2520	376	7	252	318	325
2521	71	458	355	335	483
2522	439	124	74	38	86
2523	264	276	113	168	5
2524	68	494	131	310	89
2525	397	429	52	377	77
2526	306	67	548	109	106
2527	385	447	226	103	202
2528	517	116	285	368	291
2529	325	82	114	11	281
2530	512	98	443	412	385
2531	347	422	377	211	82
2532	204	7	220	52	166
2533	457	263	433	173	133
2534	303	111	291	36	428
2535	210	393	492	308	107
2536	235	27	35	239	97
2537	53	406	409	287	272
2538	277	2	176	206	87
2539	8	222	242	354	525
2540	173	142	115	369	313
2541	93	179	227	173	381
2542	155	172	477	23	297
2543	324	310	9	139	377
2544	108	35	539	397	61
2545	274	516	383	189	162
2546	156	389	176	535	371
2547	49	319	237	499	305
2548	29	206	392	324	201
2549	188	345	313	210	496
2550	200	370	190	370	351
2551	106	339	490	27	410
2552	169	111	45	218	319
2553	510	518	518	229	221
2554	187	246	370	512	50
2555	267	408	43	276	231
2556	189	1	372	197	115
2557	277	414	393	42	160
2558	171	416	403	138	340
2559	419	544	300	325	24
2560	347	501	549	66	509
2561	515	442	498	472	516
2562	434	165	495	502	359
2563	456	4	12	227	26
2564	418	266	413	513	60
2565	43	202	360	453	264
2566	183	215	106	380	270
2567	547	317	310	88	448
2568	459	527	50	420	432
2569	237	338	333	361	135
2570	380	398	163	217	136
2571	54	146	378	142	26
2572	205	236	253	220	528
2573	68	296	531	225	171
2574	339	189	112	4	412
2575	259	464	31	53	4
2576	67	101	209	4	141
2577	349	301	334	247	542
2578	65	168	519	326	367
2579	310	158	475	411	425
2580	323	96	459	386	110
2581	378	194	314	111	436
2582	423	35	192	423	299
2583	164	216	222	283	281
2584	282	241	323	546	469
2585	471	172	93	437	410
2586	342	254	506	462	538
2587	486	15	227	169	129
2588	206	523	481	532	186
2589	309	26	407	165	475
2590	531	216	403	81	307
2591	536	238	535	292	170
2592	75	185	418	153	526
2593	517	29	329	170	333
2594	307	465	483	445	83
2595	535	231	375	365	524
2596	218	373	261	298	545
2597	471	209	379	66	358
2598	369	428	378	216	7
2599	474	495	541	367	195
2600	151	329	520	441	336
2601	483	108	274	545	484
2602	533	172	16	509	112
2603	175	526	467	518	130
2604	505	508	112	91	273
2605	518	428	178	533	237
2606	94	453	318	198	416
2607	545	419	539	252	175
2608	23	454	41	173	160
2609	296	93	335	497	28
2610	362	310	307	24	108
2611	480	127	356	489	95
2612	416	239	282	406	111
2613	430	98	178	542	245
2614	132	398	200	451	354
2615	265	153	385	483	203
2616	442	372	468	550	288
2617	283	507	194	390	251
2618	47	20	480	153	68
2619	303	258	359	318	155
2620	471	11	388	389	390
2621	44	471	295	258	495
2622	379	146	225	257	309
2623	394	320	277	229	281
2624	541	473	358	6	317
2625	516	364	479	415	226
2626	469	4	184	323	275
2627	238	88	57	193	128
2628	149	521	100	269	199
2629	100	100	306	483	230
2630	171	373	292	542	365
2631	327	127	536	145	54
2632	422	423	391	70	416
2633	391	122	224	126	10
2634	368	291	305	440	239
2635	163	42	69	458	311
2636	314	342	397	391	91
2637	332	61	14	70	300
2638	315	396	303	390	67
2639	7	255	301	480	212
2640	16	78	131	376	262
2641	452	3	212	323	531
2642	287	96	259	188	538
2643	46	18	369	437	219
2644	363	226	92	154	314
2645	422	82	90	252	470
2646	14	408	406	438	322
2647	88	315	485	225	136
2648	34	104	90	317	471
2649	474	298	91	385	478
2650	222	455	276	0	217
2651	271	496	265	59	100
2652	265	537	267	207	320
2653	314	271	98	218	91
2654	505	400	312	162	267
2655	39	311	526	455	213
2656	536	187	48	345	43
2657	495	301	75	367	165
2658	471	239	509	120	97
2659	142	222	538	151	190
2660	282	53	210	299	515
2661	378	11	445	297	49
2662	550	340	248	328	338
2663	233	254	199	526	239
2664	385	323	30	18	104
2665	65	485	287	457	86
2666	37	60	123	429	85
2667	425	341	224	514	127
2668	7	330	250	440	31
2669	29	461	224	407	135
2670	540	218	84	187	103
2671	318	35	293	177	353
2672	399	446	447	173	422
2673	449	41	203	468	28
2674	456	198	176	275	89
2675	218	30	425	128	237
2676	405	201	216	60	490
2677	261	394	225	388	500
2678	149	140	409	145	237
2679	304	57	74	311	504
2680	258	118	267	481	395
2681	170	275	473	22	550
2682	4	104	511	219	450
2683	454	450	496	456	350
2684	508	158	440	241	280
2685	72	120	142	525	143
2686	294	480	6	21	326
2687	360	314	528	81	485
2688	13	186	192	74	247
2689	390	449	71	251	197
2690	337	458	299	170	259
2691	31	186	515	248	493
2692	322	18	415	428	240
2693	170	199	340	292	437
2694	307	431	549	325	293
2695	457	92	138	198	79
2696	415	172	28	335	226
2697	314	541	182	489	258
2698	468	23	409	89	466
2699	130	167	397	254	84
2700	545	161	216	222	348
2701	505	50	480	182	471
2702	200	31	541	229	322
2703	428	55	140	183	199
2704	124	292	21	268	448
2705	173	510	13	133	334
2706	252	24	193	44	297
2707	210	524	365	208	228
2708	61	13	128	69	413
2709	328	298	97	468	81
2710	313	129	18	411	250
2711	522	465	262	380	338
2712	313	117	449	504	372
2713	405	5	388	412	448
2714	151	511	81	75	126
2715	228	399	428	437	71
2716	495	545	18	156	229
2717	53	36	43	538	76
2718	531	155	515	385	44
2719	229	218	437	21	131
2720	387	347	462	240	354
2721	338	57	73	147	43
2722	363	389	282	59	115
2723	257	244	267	10	463
2724	509	462	84	255	179
2725	123	38	22	531	60
2726	40	263	155	358	366
2727	152	344	362	105	470
2728	193	339	395	403	379
2729	441	435	142	135	197
2730	197	12	121	342	438
2731	519	282	275	422	372
2732	111	378	383	288	155
2733	177	286	189	27	131
2734	527	514	401	429	398
2735	281	44	521	331	318
2736	510	491	517	500	533
2737	114	154	361	78	481
2738	533	173	327	511	386
2739	407	259	203	391	313
2740	140	260	395	493	420
2741	81	483	408	548	364
2742	226	422	1	196	81
2743	238	403	507	319	143
2744	360	133	51	43	545
2745	58	408	51	419	86
2746	40	348	321	87	204
2747	336	128	166	3	328
2748	259	210	417	488	536
2749	265	505	211	2	521
2750	86	161	448	478	159
2751	262	143	404	178	301
2752	323	528	498	228	220
2753	530	171	58	142	254
2754	413	199	313	427	63
2755	483	11	450	543	362
2756	10	283	335	149	47
2757	310	178	468	359	198
2758	247	468	291	178	412
2759	59	443	326	31	116
2760	511	215	506	199	550
2761	102	205	15	18	103
2762	544	99	11	203	257
2763	133	147	379	227	167